205,35
188,5
188,4
11,25
188,3
188,1
182,640
182,8
182,3
182,1
181,1665
8,4
181,1588
181,1584
181,990
181,798
181,490
181,316
181,303
181,184
181,147
181,140
181,139
181,138
181,137
181,65
181,60
181,57
181,56
181,51
181,39
181,36
181,35
181,32
181,31
181,30
181,27
181,23
181,16
181,12
181,8
181,7
181,6
181,4
181,3
181,1
180,22
180,20
180,19
180,12
180,11
180,10
180,9
180,8
180,7
180,6
180,5
180,4
180,3
180,1
20,2
14,12
20,1
14,11
14,5
12,3
20,3
12,2
12,1
11,30
11,29
11,28
11,26
11,24
11,23
11,22
11,21
11,19
11,18
11,17
11,16
11,15
11,14
11,13
11,12
11,10
11,9
11,8
11,7
19,2
19,1
11,6
11,5
11,4
11,3
11,2
19,3
11,1
10,308
10,304
10,252
10,249
10,248
10,243
10,236
10,210
10,198
10,197
10,177
10,168
10,167
10,166
10,134
10,130
10,126
10,122
10,115
18,1
10,114
18,3
10,109
14,1
10,96
10,89
14,6
10,75
14,3
13,1
10,21
10,11
10,3
13,3
10,2
10,1
9,7
9,6
9,5
9,4
9,3
9,2
9,1
8,18
8,17
8,16
8,15
8,14
8,13
8,12
8,11
8,10
8,9
8,8
8,7
8,6
8,5
8,3
8,2
8,1
3,3
3,2
3,1
2,3
2,2
2,1
0,575
0,572
0,568
0,566
0,564
0,563
0,558
0,518
0,466
0,452
0,449
0,388
0,0
205,34
205,33
205,32
205,31
205,30
205,29
205,28
205,27
205,26
205,25
205,24
205,23
205,22
205,21
205,20
205,19
205,18
205,17
205,16
205,15
205,14
205,13
205,12
205,11
